>PYSIP4
D,K,H,T,V,F,M,Y,N,L,E,R,W,Q,I,C,A,S,G,P
2,1,1,0.5,0,0,0,1,1,0,1,1,0.5,1,0,0,0,0.5,0.5,1
1,2,1,0.5,0,0,0,1,1,0,1,1,0.5,1,0,0,0,0.5,0.5,1
1,1,2,0.5,0,0,0,1,1,0,1,1,0.5,1,0,0,0,0.5,0.5,1
0.5,0.5,0.5,2,0,0,0,0.5,0.5,0,0.5,0.5,1,0.5,0,0,0,1,1,0.5
0,0,0,0,2,0.5,0.5,0,0,1,0,0,0,0,1,0.5,0.5,0,0,0
0,0,0,0,0.5,2,1,0,0,0.5,0,0,0,0,0.5,1,1,0,0,0
0,0,0,0,0.5,1,2,0,0,0.5,0,0,0,0,0.5,1,1,0,0,0
1,1,1,0.5,0,0,0,2,1,0,1,1,0.5,1,0,0,0,0.5,0.5,1
1,1,1,0.5,0,0,0,1,2,0,1,1,0.5,1,0,0,0,0.5,0.5,1
0,0,0,0,1,0.5,0.5,0,0,2,0,0,0,0,1,0.5,0.5,0,0,0
1,1,1,0.5,0,0,0,1,1,0,2,1,0.5,1,0,0,0,0.5,0.5,1
1,1,1,0.5,0,0,0,1,1,0,1,2,0.5,1,0,0,0,0.5,0.5,1
0.5,0.5,0.5,1,0,0,0,0.5,0.5,0,0.5,0.5,2,0.5,0,0,0,1,1,0.5
1,1,1,0.5,0,0,0,1,1,0,1,1,0.5,2,0,0,0,0.5,0.5,1
0,0,0,0,1,0.5,0.5,0,0,1,0,0,0,0,2,0.5,0.5,0,0,0
0,0,0,0,0.5,1,1,0,0,0.5,0,0,0,0,0.5,2,1,0,0,0
0,0,0,0,0.5,1,1,0,0,0.5,0,0,0,0,0.5,1,2,0,0,0
0.5,0.5,0.5,1,0,0,0,0.5,0.5,0,0.5,0.5,1,0.5,0,0,0,2,1,0.5
0.5,0.5,0.5,1,0,0,0,0.5,0.5,0,0.5,0.5,1,0.5,0,0,0,1,2,0.5
1,1,1,0.5,0,0,0,1,1,0,1,1,0.5,1,0,0,0,0.5,0.5,2
