>Aligned E. coli Training
R,H,C,G,L,Q,D,E,V,A,K,W,F,P,I,N,S,T,M,Y
9.217103147448304,9.97513035714234,12.255238276335076,8.304369983665955,7.754254168253272,8.137780694786898,9.131855860829793,8.397257281207503,8.0569686491988,7.983108414565864,9.713865044161603,10.294408873615753,9.97513035714234,8.980444157038807,8.603161579755382,10.294408873615753,9.713865044161603,8.980444157038807,10.294408873615753,10.705041193774596
9.97513035714234,12.733157566836375,14.01326548602911,10.06239719335999,9.512281377947307,9.895807904480934,10.88988307052383,10.15528449090154,9.814995858892837,9.7411356242599,11.471892253855637,12.05243608330979,11.733157566836375,10.738471366732844,10.361188789449418,12.05243608330979,11.471892253855637,10.738471366732844,12.05243608330979,12.463068403468633
12.255238276335076,14.01326548602911,17.293373405221846,12.342505112552725,11.792389297140044,12.17591582367367,13.169990989716565,12.435392410094275,12.095103778085573,12.021243543452636,13.752000173048373,14.332544002502525,14.01326548602911,13.01857928592558,12.641296708642153,14.332544002502525,13.752000173048373,13.01857928592558,14.332544002502525,14.743176322661366
8.304369983665955,10.06239719335999,12.342505112552725,9.391636819883605,7.8415210044709225,8.225047531004549,9.219122697047444,8.484524117425154,8.144235485416452,8.070375250783515,9.801131880379252,10.381675709833404,10.06239719335999,9.067710993256458,8.690428415973033,10.381675709833404,9.801131880379252,9.067710993256458,10.381675709833404,10.792308029992245
7.754254168253272,9.512281377947307,11.792389297140044,7.8415210044709225,8.29140518905824,7.674931715591867,8.669006881634761,7.934408302012471,7.594119670003769,7.520259435370832,9.251016064966569,9.831559894420721,9.512281377947307,8.517595177843775,8.14031260056035,9.831559894420721,9.251016064966569,8.517595177843775,9.831559894420721,10.242192214579564
8.137780694786898,9.895807904480934,12.17591582367367,8.225047531004549,7.674931715591867,9.058458242125493,9.052533408168387,8.317934828546097,7.977646196537395,7.903785961904458,9.634542591500196,10.215086420954346,9.895807904480934,8.901121704377402,8.523839127093977,10.215086420954346,9.634542591500196,8.901121704377402,10.215086420954346,10.62571874111319
9.131855860829793,10.88988307052383,13.169990989716565,9.219122697047444,8.669006881634761,9.052533408168387,11.046608574211282,9.312009994588992,8.97172136258029,8.897861127947353,10.628617757543092,11.209161586997242,10.88988307052383,9.895196870420296,9.51791429313687,11.209161586997242,10.628617757543092,9.895196870420296,11.209161586997242,11.619793907156085
8.397257281207503,10.15528449090154,12.435392410094275,8.484524117425154,7.934408302012471,8.317934828546097,9.312009994588992,9.577411414966702,8.237122782958,8.163262548325063,9.894019177920802,10.474563007374952,10.15528449090154,9.160598290798006,8.78331571351458,10.474563007374952,9.894019177920802,9.160598290798006,10.474563007374952,10.885195327533795
8.0569686491988,9.814995858892837,12.095103778085573,8.144235485416452,7.594119670003769,7.977646196537395,8.97172136258029,8.237122782958,8.896834150949298,7.822973916316362,9.5537305459121,10.13427437536625,9.814995858892837,8.820309658789306,8.443027081505878,10.13427437536625,9.5537305459121,8.820309658789306,10.13427437536625,10.544906695525093
7.983108414565864,9.7411356242599,12.021243543452636,8.070375250783515,7.520259435370832,7.903785961904458,8.897861127947353,8.163262548325063,7.822973916316362,8.749113681683424,9.479870311279162,10.060414140733313,9.7411356242599,8.746449424156369,8.369166846872941,10.060414140733313,9.479870311279162,8.746449424156369,10.060414140733313,10.471046460892156
9.713865044161603,11.471892253855637,13.752000173048373,9.801131880379252,9.251016064966569,9.634542591500196,10.628617757543092,9.894019177920802,9.5537305459121,9.479870311279162,12.2106269408749,11.791170770329051,11.471892253855637,10.477206053752106,10.09992347646868,11.791170770329051,11.2106269408749,10.477206053752106,11.791170770329051,12.201803090487893
10.294408873615753,12.05243608330979,14.332544002502525,10.381675709833404,9.831559894420721,10.215086420954346,11.209161586997242,10.474563007374952,10.13427437536625,10.060414140733313,11.791170770329051,13.371714599783202,12.05243608330979,11.057749883206256,10.68046730592283,12.371714599783202,11.791170770329051,11.057749883206256,12.371714599783202,12.782346919942045
9.97513035714234,11.733157566836375,14.01326548602911,10.06239719335999,9.512281377947307,9.895807904480934,10.88988307052383,10.15528449090154,9.814995858892837,9.7411356242599,11.471892253855637,12.05243608330979,12.733157566836375,10.738471366732844,10.361188789449418,12.05243608330979,11.471892253855637,10.738471366732844,12.05243608330979,12.463068403468633
8.980444157038807,10.738471366732844,13.01857928592558,9.067710993256458,8.517595177843775,8.901121704377402,9.895196870420296,9.160598290798006,8.820309658789306,8.746449424156369,10.477206053752106,11.057749883206256,10.738471366732844,10.743785166629312,9.366502589345886,11.057749883206256,10.477206053752106,9.743785166629312,11.057749883206256,11.468382203365099
8.603161579755382,10.361188789449418,12.641296708642153,8.690428415973033,8.14031260056035,8.523839127093977,9.51791429313687,8.78331571351458,8.443027081505878,8.369166846872941,10.09992347646868,10.68046730592283,10.361188789449418,9.366502589345886,9.989220012062459,10.68046730592283,10.09992347646868,9.366502589345886,10.68046730592283,11.091099626081673
10.294408873615753,12.05243608330979,14.332544002502525,10.381675709833404,9.831559894420721,10.215086420954346,11.209161586997242,10.474563007374952,10.13427437536625,10.060414140733313,11.791170770329051,12.371714599783202,12.05243608330979,11.057749883206256,10.68046730592283,13.371714599783202,11.791170770329051,11.057749883206256,12.371714599783202,12.782346919942045
9.713865044161603,11.471892253855637,13.752000173048373,9.801131880379252,9.251016064966569,9.634542591500196,10.628617757543092,9.894019177920802,9.5537305459121,9.479870311279162,11.2106269408749,11.791170770329051,11.471892253855637,10.477206053752106,10.09992347646868,11.791170770329051,12.2106269408749,10.477206053752106,11.791170770329051,12.201803090487893
8.980444157038807,10.738471366732844,13.01857928592558,9.067710993256458,8.517595177843775,8.901121704377402,9.895196870420296,9.160598290798006,8.820309658789306,8.746449424156369,10.477206053752106,11.057749883206256,10.738471366732844,9.743785166629312,9.366502589345886,11.057749883206256,10.477206053752106,10.743785166629312,11.057749883206256,11.468382203365099
10.294408873615753,12.05243608330979,14.332544002502525,10.381675709833404,9.831559894420721,10.215086420954346,11.209161586997242,10.474563007374952,10.13427437536625,10.060414140733313,11.791170770329051,12.371714599783202,12.05243608330979,11.057749883206256,10.68046730592283,12.371714599783202,11.791170770329051,11.057749883206256,13.371714599783202,12.782346919942045
10.705041193774596,12.463068403468633,14.743176322661366,10.792308029992245,10.242192214579564,10.62571874111319,11.619793907156085,10.885195327533795,10.544906695525093,10.471046460892156,12.201803090487893,12.782346919942045,12.463068403468633,11.468382203365099,11.091099626081673,12.782346919942045,12.201803090487893,11.468382203365099,12.782346919942045,14.192979240100888
